1 0.601289 0 0.626947 20.3333
2 0.462939 0 0.483891 18
3 0.40648 0 0.430378 21.6667
4 0.371634 0 0.39085 28.6667
5 0.343185 0 0.360076 30
6 0.320049 0 0.333502 33.6667
7 0.300769 0 0.311204 36.6667
8 0.284571 0 0.291922 41.3333
9 0.270725 0 0.275285 46
10 0.258786 0 0.260768 48.3333
11 0.248384 0 0.248066 50.3333
12 0.239257 0 0.236892 52.3333
13 0.231191 0 0.227032 53.6667
14 0.224016 0 0.218299 56.6667
15 0.21759 0 0.210532 60
16 0.211794 0 0.203595 61
17 0.20653 0 0.197366 61.6667
18 0.201717 0 0.191745 62
19 0.197291 0 0.186645 62.3333
20 0.1932 0 0.181996 63
21 0.189401 0 0.17774 64.3333
22 0.18586 0 0.173827 64.3333
23 0.182548 0 0.170219 65.6667
24 0.179442 0 0.16688 66.6667
25 0.176521 0 0.163785 67.6667
26 0.173769 0 0.160907 69.3333
27 0.171169 0 0.158228 70.3333
28 0.168707 0 0.155728 70.6667
29 0.166373 0 0.153393 71.3333
30 0.164155 0 0.151208 71.3333
31 0.162044 0 0.14916 72
32 0.160032 0 0.14724 73.3333
33 0.15811 0 0.145435 73.3333
34 0.156272 0 0.143737 74
35 0.154511 0 0.142138 74
36 0.152823 0 0.140628 74.3333
37 0.151201 0 0.139202 75.3333
38 0.14964 0 0.137852 75.3333
39 0.148137 0 0.136573 75.3333
40 0.146688 0 0.135359 75.6667
41 0.145289 0 0.134205 76
42 0.143938 0 0.133106 76.3333
43 0.142631 0 0.132059 76.6667
44 0.141366 0 0.131059 77
45 0.140141 0 0.130104 77
46 0.138954 0 0.12919 77.3333
47 0.137803 0 0.128314 77
48 0.136687 0 0.127474 77.3333
49 0.135603 0 0.126668 77.3333
50 0.13455 0 0.125894 77.3333
51 0.133527 0 0.125149 78
52 0.132532 0 0.124433 78
53 0.131564 0 0.123744 78.3333
54 0.130622 0 0.123079 78.3333
55 0.129705 0 0.122439 79
56 0.128811 0 0.121821 78.6667
57 0.127939 0 0.121226 78.3333
58 0.127089 0 0.12065 78.3333
59 0.12626 0 0.120095 78.3333
60 0.125451 0 0.119558 78.3333
61 0.124661 0 0.119039 78.3333
62 0.123891 0 0.118538 78.3333
63 0.123138 0 0.118052 78.3333
64 0.122404 0 0.117583 78.6667
65 0.121687 0 0.117128 79
66 0.120987 0 0.116687 79
67 0.120304 0 0.11626 79
68 0.119635 0 0.115846 78.6667
69 0.118982 0 0.115444 78.6667
70 0.118344 0 0.115054 78.6667
71 0.117719 0 0.114676 78.3333
72 0.117108 0 0.114308 78.6667
73 0.11651 0 0.113949 79
74 0.115924 0 0.113601 79
75 0.11535 0 0.113261 79
76 0.114787 0 0.11293 79
77 0.114234 0 0.112607 79
78 0.113692 0 0.112291 79
79 0.113159 0 0.111983 78.3333
80 0.112635 0 0.111682 78.3333
81 0.11212 0 0.111388 78.6667
82 0.111612 0 0.1111 78.6667
83 0.111113 0 0.11082 78.6667
84 0.110621 0 0.110546 78.6667
85 0.110136 0 0.110279 78.6667
86 0.109658 0 0.110019 78.6667
87 0.109188 0 0.109765 78.6667
88 0.108723 0 0.109518 78.6667
89 0.108265 0 0.109276 78.6667
90 0.107813 0 0.109041 78.6667
91 0.107366 0 0.108812 79
92 0.106925 0 0.108588 79
93 0.10649 0 0.10837 79
94 0.106059 0 0.108158 79
95 0.105633 0 0.10795 79
96 0.105211 0 0.107748 79
97 0.104793 0 0.107551 79
98 0.104379 0 0.107359 79
99 0.103969 0 0.107171 79.3333
100 0.103562 0 0.106988 79.3333
101 0.103158 0 0.10681 79.3333
102 0.102758 0 0.106636 79.3333
103 0.102361 0 0.106466 79.3333
104 0.101966 0 0.106301 79.6667
105 0.101574 0 0.106139 79.6667
106 0.101185 0 0.105982 80
107 0.100799 0 0.105828 80.3333
108 0.100415 0 0.105678 80.3333
109 0.100034 0 0.105531 80.3333
110 0.0996554 0 0.105389 80.3333
111 0.0992797 0 0.105249 80.3333
112 0.0989069 0 0.105113 80.3333
113 0.0985369 0 0.104979 80.3333
114 0.0981698 0 0.104849 80.3333
115 0.0978057 0 0.104722 80
116 0.0974446 0 0.104597 80
117 0.0970865 0 0.104475 80
118 0.0967315 0 0.104355 80
119 0.0963796 0 0.104238 80
120 0.0960308 0 0.104122 80
121 0.0956852 0 0.104009 80
122 0.0953427 0 0.103898 80
123 0.0950034 0 0.103788 80
124 0.0946673 0 0.103681 80
125 0.0943345 0 0.103575 80
126 0.094005 0 0.10347 80
127 0.0936788 0 0.103367 80.3333
128 0.093356 0 0.103265 80.3333
129 0.0930366 0 0.103164 80.3333
130 0.0927207 0 0.103065 80.3333
131 0.0924083 0 0.102967 80.3333
132 0.0920994 0 0.10287 80.3333
133 0.0917941 0 0.102774 80.3333
134 0.0914923 0 0.102679 80.3333
135 0.0911941 0 0.102585 80.6667
136 0.0908994 0 0.102493 80.6667
137 0.0906082 0 0.102402 80.6667
138 0.0903203 0 0.102312 80.6667
139 0.0900358 0 0.102223 80.6667
140 0.0897544 0 0.102136 80.6667
141 0.0894761 0 0.10205 80.6667
142 0.0892006 0 0.101965 80.6667
143 0.088928 0 0.101882 80.6667
144 0.0886579 0 0.1018 80.6667
145 0.0883903 0 0.101719 80.6667
146 0.0881251 0 0.101639 80.6667
147 0.0878621 0 0.10156 80.6667
148 0.0876011 0 0.101482 81
149 0.0873422 0 0.101405 81
150 0.0870853 0 0.101329 81
151 0.0868302 0 0.101253 81
152 0.086577 0 0.101178 81
153 0.0863255 0 0.101104 81
154 0.0860759 0 0.10103 81
155 0.0858281 0 0.100956 81
156 0.085582 0 0.100883 81
157 0.0853376 0 0.100811 81
158 0.085095 0 0.100738 81
159 0.0848542 0 0.100666 81
160 0.084615 0 0.100595 80.6667
161 0.0843777 0 0.100523 80.6667
162 0.084142 0 0.100452 80.6667
163 0.0839081 0 0.100382 80.6667
164 0.083676 0 0.100312 80.6667
165 0.0834455 0 0.100242 80.6667
166 0.0832168 0 0.100173 80.6667
167 0.0829898 0 0.100105 80.6667
168 0.0827644 0 0.100037 80.6667
169 0.0825408 0 0.0999695 80.6667
170 0.0823188 0 0.0999029 80.6667
171 0.0820984 0 0.099837 80.6667
172 0.0818796 0 0.0997719 80.6667
173 0.0816624 0 0.0997076 80.6667
174 0.0814467 0 0.0996441 80.6667
175 0.0812324 0 0.0995815 80.6667
176 0.0810196 0 0.0995199 80.6667
177 0.0808082 0 0.0994592 80.6667
178 0.0805981 0 0.0993996 80.6667
179 0.0803894 0 0.099341 80.6667
180 0.080182 0 0.0992835 80.6667
181 0.0799759 0 0.0992272 80.6667
182 0.0797712 0 0.0991721 80.6667
183 0.0795679 0 0.0991182 80.6667
184 0.079366 0 0.0990657 81
185 0.0791656 0 0.0990145 81
186 0.0789667 0 0.0989647 81
187 0.0787693 0 0.0989163 81
188 0.0785735 0 0.0988693 81
189 0.0783792 0 0.0988239 81
190 0.0781866 0 0.0987799 81
191 0.0779955 0 0.0987375 80.6667
192 0.0778061 0 0.0986966 80.6667
193 0.0776182 0 0.0986572 80.6667
194 0.0774318 0 0.0986193 80.6667
195 0.077247 0 0.098583 80.6667
196 0.0770636 0 0.0985482 80.6667
197 0.0768817 0 0.0985149 80.6667
198 0.0767012 0 0.0984831 80.6667
199 0.0765221 0 0.0984527 80.6667
200 0.0763444 0 0.0984238 80.6667
201 0.0761679 0 0.0983964 81
202 0.0759927 0 0.0983703 81
203 0.0758188 0 0.0983456 81
204 0.075646 0 0.0983223 81
205 0.0754744 0 0.0983002 81
206 0.075304 0 0.0982794 80.6667
207 0.0751346 0 0.0982598 80.6667
208 0.0749664 0 0.0982413 80.6667
209 0.0747992 0 0.0982238 80.6667
210 0.0746332 0 0.0982074 80.6667
211 0.0744681 0 0.0981919 80.6667
212 0.0743042 0 0.0981773 80.6667
213 0.0741412 0 0.0981634 80.6667
214 0.0739793 0 0.0981503 80.6667
215 0.0738184 0 0.0981378 81
216 0.0736585 0 0.0981259 81
217 0.0734996 0 0.0981145 81
218 0.0733418 0 0.0981036 81.3333
219 0.0731849 0 0.098093 81.3333
220 0.073029 0 0.0980827 81.3333
221 0.0728742 0 0.0980726 81.3333
222 0.0727203 0 0.0980628 81.3333
223 0.0725674 0 0.0980531 81.3333
224 0.0724156 0 0.0980436 81
225 0.0722647 0 0.0980341 81
226 0.0721149 0 0.0980246 81
227 0.071966 0 0.0980152 81
228 0.0718182 0 0.0980059 81.3333
229 0.0716714 0 0.0979965 81.3333
230 0.0715257 0 0.0979871 81.6667
231 0.0713809 0 0.0979777 81.6667
232 0.0712372 0 0.0979683 81.6667
233 0.0710945 0 0.0979589 81.6667
234 0.0709528 0 0.0979495 81.6667
235 0.0708122 0 0.0979401 81.6667
236 0.0706725 0 0.0979308 81.6667
237 0.0705338 0 0.0979215 81.6667
238 0.070396 0 0.0979122 81.6667
239 0.0702592 0 0.097903 81.6667
240 0.0701233 0 0.0978939 81.6667
241 0.0699884 0 0.0978849 81.6667
242 0.0698543 0 0.0978759 81.6667
243 0.0697211 0 0.0978671 81.6667
244 0.0695888 0 0.0978585 81.6667
245 0.0694573 0 0.09785 81.6667
246 0.0693266 0 0.0978416 81.6667
247 0.0691968 0 0.0978335 81.6667
248 0.0690678 0 0.0978255 81.6667
249 0.0689396 0 0.0978178 81.6667
250 0.0688123 0 0.0978103 81.6667
251 0.0686857 0 0.097803 81.6667
252 0.0685599 0 0.097796 81.6667
253 0.0684349 0 0.0977892 81.6667
254 0.0683107 0 0.0977827 81.6667
255 0.0681872 0 0.0977765 81.6667
256 0.0680645 0 0.0977706 81.6667
257 0.0679425 0 0.0977649 81.6667
258 0.0678212 0 0.0977596 82
259 0.0677006 0 0.0977545 82.3333
260 0.0675807 0 0.0977497 82.3333
261 0.0674614 0 0.0977452 82.3333
262 0.0673427 0 0.0977409 82.3333
263 0.0672247 0 0.0977369 82.3333
264 0.0671072 0 0.0977331 82.3333
265 0.0669902 0 0.0977296 82.3333
266 0.0668738 0 0.0977262 82.3333
267 0.066758 0 0.097723 82.3333
268 0.0666427 0 0.09772 82.3333
269 0.0665279 0 0.0977172 82.3333
270 0.0664137 0 0.0977144 82.3333
271 0.0663 0 0.0977118 82.3333
272 0.0661869 0 0.0977093 82.3333
273 0.0660744 0 0.0977069 82.3333
274 0.0659625 0 0.0977045 82.3333
275 0.0658513 0 0.0977022 82.3333
276 0.0657406 0 0.0977 82.3333
277 0.0656307 0 0.0976977 82.3333
278 0.0655214 0 0.0976954 82.3333
279 0.0654127 0 0.0976932 82.3333
280 0.0653047 0 0.0976909 82.3333
281 0.0651974 0 0.0976886 82.3333
282 0.0650907 0 0.0976862 82.3333
283 0.0649847 0 0.0976837 82.3333
284 0.0648793 0 0.0976811 82.3333
285 0.0647745 0 0.0976785 82.3333
286 0.0646702 0 0.0976757 82.3333
287 0.0645666 0 0.0976728 82.3333
288 0.0644636 0 0.0976697 82.3333
289 0.064361 0 0.0976665 82.3333
290 0.064259 0 0.0976631 82.3333
291 0.0641575 0 0.0976596 82.3333
292 0.0640565 0 0.0976559 82.3333
293 0.063956 0 0.0976521 82.3333
294 0.0638559 0 0.0976481 82.6667
295 0.0637562 0 0.0976439 82.6667
296 0.063657 0 0.0976396 82.6667
297 0.0635582 0 0.0976351 82.6667
298 0.0634597 0 0.0976305 82.6667
299 0.0633618 0 0.0976257 82.6667
300 0.0632642 0 0.0976208 82.6667
301 0.063167 0 0.0976157 82.6667
302 0.0630702 0 0.0976105 82.6667
303 0.0629738 0 0.0976051 82.6667
304 0.0628778 0 0.0975996 82.6667
305 0.0627822 0 0.097594 82.6667
306 0.062687 0 0.0975883 82.6667
307 0.0625922 0 0.0975824 82.6667
308 0.0624979 0 0.0975764 82.6667
309 0.0624039 0 0.0975703 82.6667
310 0.0623104 0 0.0975641 82.6667
311 0.0622173 0 0.0975579 82.6667
312 0.0621247 0 0.0975515 82.6667
313 0.0620325 0 0.0975451 82.6667
314 0.0619408 0 0.0975387 82.6667
315 0.0618495 0 0.0975322 83
316 0.0617588 0 0.0975258 83
317 0.0616685 0 0.0975193 83
318 0.0615787 0 0.0975129 83
319 0.0614895 0 0.0975065 83
320 0.0614008 0 0.0975002 83
321 0.0613127 0 0.0974939 83
322 0.0612252 0 0.0974878 83
323 0.0611383 0 0.0974819 83
324 0.061052 0 0.0974761 83
325 0.0609664 0 0.0974705 83
326 0.0608814 0 0.097465 83
327 0.0607972 0 0.0974598 83
328 0.0607136 0 0.0974549 83
329 0.0606307 0 0.0974501 83
330 0.0605486 0 0.0974457 83
331 0.0604672 0 0.0974415 82.6667
332 0.0603865 0 0.0974375 82.6667
333 0.0603066 0 0.0974339 82.6667
334 0.0602275 0 0.0974305 82.6667
335 0.0601492 0 0.0974273 83
336 0.0600717 0 0.0974244 83
337 0.0599949 0 0.0974218 83
338 0.059919 0 0.0974193 83
339 0.059844 0 0.0974171 83
340 0.0597698 0 0.097415 82.6667
341 0.0596965 0 0.0974131 82.6667
342 0.059624 0 0.0974113 82.6667
343 0.0595525 0 0.0974096 82.6667
344 0.059482 0 0.0974079 82.6667
345 0.0594123 0 0.0974063 82.6667
346 0.0593437 0 0.0974047 82.6667
347 0.059276 0 0.0974031 82.6667
348 0.0592092 0 0.0974014 82.6667
349 0.0591435 0 0.0973997 82.6667
350 0.0590786 0 0.0973978 82.6667
351 0.0590147 0 0.0973959 82.6667
352 0.0589517 0 0.097394 82.6667
353 0.0588895 0 0.097392 82.6667
354 0.0588281 0 0.0973899 82.6667
355 0.0587674 0 0.0973879 82.6667
356 0.0587073 0 0.0973859 82.6667
357 0.0586478 0 0.0973841 82.6667
358 0.0585887 0 0.0973824 83
359 0.0585299 0 0.097381 83
360 0.0584713 0 0.0973798 83
361 0.0584129 0 0.097379 83
362 0.0583546 0 0.0973785 83
363 0.0582964 0 0.0973785 83
364 0.0582381 0 0.0973789 83
365 0.0581798 0 0.0973796 83
366 0.0581215 0 0.0973808 83
367 0.0580631 0 0.0973824 83
368 0.0580047 0 0.0973844 83
369 0.0579462 0 0.0973868 83
370 0.0578878 0 0.0973895 83
371 0.0578293 0 0.0973926 83
372 0.0577709 0 0.097396 83
373 0.0577125 0 0.0973998 83
374 0.0576541 0 0.0974039 83
375 0.0575957 0 0.0974083 83
376 0.0575374 0 0.097413 83
377 0.0574791 0 0.097418 83
378 0.0574207 0 0.0974234 83
379 0.0573624 0 0.097429 83
380 0.057304 0 0.0974349 83
381 0.0572456 0 0.0974411 83
382 0.0571872 0 0.0974476 83
383 0.0571288 0 0.0974543 83
384 0.0570703 0 0.0974612 83
385 0.0570118 0 0.0974684 82.6667
386 0.0569533 0 0.0974757 82.6667
387 0.0568948 0 0.0974831 82.6667
388 0.0568363 0 0.0974907 82.6667
389 0.0567777 0 0.0974983 82.6667
390 0.0567193 0 0.097506 82.6667
391 0.0566608 0 0.0975138 82.6667
392 0.0566024 0 0.0975216 82.6667
393 0.056544 0 0.0975294 82.6667
394 0.0564857 0 0.0975372 82.6667
395 0.0564274 0 0.097545 82.6667
396 0.0563693 0 0.0975528 82.6667
397 0.0563112 0 0.0975606 82.6667
398 0.0562532 0 0.0975683 82.6667
399 0.0561954 0 0.0975759 82.6667
400 0.0561376 0 0.0975836 82.6667
401 0.05608 0 0.0975911 82.6667
402 0.0560226 0 0.0975987 83
403 0.0559654 0 0.0976061 83
404 0.0559084 0 0.0976136 83
405 0.0558517 0 0.097621 83
406 0.0557952 0 0.0976284 83
407 0.0557392 0 0.0976357 83
408 0.0556835 0 0.0976431 83
409 0.0556282 0 0.0976504 83
410 0.0555733 0 0.0976576 83
411 0.0555189 0 0.0976649 83
412 0.055465 0 0.0976721 83
413 0.0554115 0 0.0976793 83.3333
414 0.0553585 0 0.0976865 83.3333
415 0.055306 0 0.0976936 83.3333
416 0.0552539 0 0.0977006 83.3333
417 0.0552023 0 0.0977077 83.3333
418 0.0551512 0 0.0977147 83.3333
419 0.0551006 0 0.0977216 83.3333
420 0.0550504 0 0.0977286 83.3333
421 0.0550007 0 0.0977355 83.3333
422 0.0549514 0 0.0977424 83.3333
423 0.0549027 0 0.0977493 83.3333
424 0.0548543 0 0.0977562 83.3333
425 0.0548065 0 0.0977631 83.3333
426 0.0547591 0 0.09777 83.3333
427 0.0547122 0 0.097777 83.3333
428 0.0546657 0 0.0977841 83.3333
429 0.0546196 0 0.0977912 83.3333
430 0.0545739 0 0.0977984 83
431 0.0545287 0 0.0978057 83
432 0.0544838 0 0.0978132 83
433 0.0544393 0 0.0978208 83
434 0.0543951 0 0.0978285 83
435 0.0543513 0 0.0978365 83
436 0.0543078 0 0.0978446 83
437 0.0542646 0 0.0978531 83
438 0.0542218 0 0.0978617 83
439 0.0541793 0 0.0978707 83
440 0.0541371 0 0.09788 83
441 0.0540953 0 0.0978896 83
442 0.054054 0 0.0978995 83
443 0.054013 0 0.0979099 83
444 0.0539724 0 0.0979207 83
445 0.0539322 0 0.0979318 83
446 0.0538924 0 0.0979434 83
447 0.053853 0 0.0979553 83.3333
448 0.0538139 0 0.0979677 83.3333
449 0.053775 0 0.0979804 83.3333
450 0.0537364 0 0.0979935 83.3333
451 0.053698 0 0.098007 83.3333
452 0.0536597 0 0.0980208 83.3333
453 0.0536215 0 0.0980349 83.3333
454 0.0535833 0 0.0980493 83.3333
455 0.0535452 0 0.0980641 83.3333
456 0.0535072 0 0.0980792 83.3333
457 0.0534692 0 0.0980946 83.3333
458 0.0534313 0 0.0981104 83.3333
459 0.0533934 0 0.0981265 83.3333
460 0.0533557 0 0.098143 83.3333
461 0.053318 0 0.0981598 83.3333
462 0.0532805 0 0.098177 83.3333
463 0.053243 0 0.0981945 83.3333
464 0.0532057 0 0.0982125 83.3333
465 0.0531685 0 0.0982308 83.3333
466 0.0531314 0 0.0982495 83.3333
467 0.0530944 0 0.0982686 83.3333
468 0.0530575 0 0.0982881 83.3333
469 0.0530207 0 0.098308 83.3333
470 0.0529839 0 0.0983283 83.3333
471 0.0529473 0 0.098349 83.3333
472 0.0529106 0 0.09837 83.3333
473 0.0528741 0 0.0983915 83.3333
474 0.0528375 0 0.0984133 83.3333
475 0.052801 0 0.0984355 83
476 0.0527645 0 0.0984581 83
477 0.052728 0 0.0984811 83
478 0.0526915 0 0.0985044 83
479 0.052655 0 0.0985282 83
480 0.0526185 0 0.0985523 83
481 0.0525819 0 0.0985768 83
482 0.0525453 0 0.0986017 83
483 0.0525087 0 0.0986269 83
484 0.052472 0 0.0986526 83
485 0.0524353 0 0.0986786 83
486 0.0523985 0 0.098705 83.3333
487 0.0523617 0 0.0987317 83.3333
488 0.0523248 0 0.0987588 83.3333
489 0.0522879 0 0.0987864 83.3333
490 0.0522509 0 0.0988142 83.3333
491 0.0522139 0 0.0988425 83.3333
492 0.0521768 0 0.0988711 83
493 0.0521396 0 0.0989002 83
494 0.0521024 0 0.0989296 83
495 0.0520652 0 0.0989593 83
496 0.0520279 0 0.0989895 83
497 0.0519906 0 0.09902 83
498 0.0519532 0 0.099051 83
499 0.0519157 0 0.0990822 83
500 0.0518783 0 0.0991139 83
